,  // measure 0
1000
0000
0000
0000
,  // measure 1
0000
0000
0000
0000
,  // measure 2
0000
0000
0000
0000
,  // measure 3
0000
0000
0000
0000
,  // measure 4
0000
0000
0000
0000
0000
0000
0000
0001
,  // measure 5
0001
1000
0100
1000
,  // measure 6
0010
0000
0100
0001
0100
0000
0010
0000
,  // measure 7
1000
1100
1000
1001
0101
0110
1000
1001
,  // measure 8
0011
0000
0100
1000
0001
0000
1000
0010
0100
0001
1000
0100
0010
0001
1000
0001
,  // measure 9
0100
0000
0010
0000
1000
0000
0001
1000
0100
1000
0001
0010
0100
0000
1000
0000
,  // measure 10
1000
0000
0001
0100
0010
0000
1010
0000
0001
0000
0011
0100
1000
0000
0000
0000
,  // measure 11
1001
0000
0010
0000
0100
0000
0010
0001
1000
0001
1000
0010
0100
0000
0110
0000
,  // measure 12
0000
0000
1010
0001
1000
0000
0001
0000
0010
0000
0100
0000
1100
0000
0000
0000
,  // measure 13
1001
0000
0100
0000
0010
0000
0100
0010
0100
0001
1000
0001
0010
0000
0100
0000
,  // measure 14
0100
0000
1000
0001
0100
0000
0010
0000
1000
0000
1010
1000
0001
0000
0011
0100
,  // measure 15
1000
0000
1001
0100
0010
0000
0110
0001
1000
0100
0010
0001
0010
0000
0001
1000
,  // measure 16
0010
0100
0010
1000
0001
0000
0010
0000
0100
0000
0110
0001
1000
0000
0000
1000
,  // measure 17
1001
0000
1000
0000
0010
0000
1000
0000
0001
1000
0001
0100
0010
0000
0100
0000
,  // measure 18
0100
0000
0001
0010
0100
0000
1000
0000
0001
0000
1001
0001
0100
0000
0000
0000
,  // measure 19
0110
0000
0100
0000
0001
0000
1000
0100
1000
0001
0010
0100
1000
0000
1001
0000
,  // measure 20
0000
0000
1010
0100
0010
0000
1000
0000
0001
0000
0010
0000
0110
0000
0000
0000
,  // measure 21
0011
0000
1000
0000
0010
0000
0100
0010
1000
0001
0010
0100
1000
0000
0001
0000
,  // measure 22
0001
0000
0100
0010
1000
0000
0001
0000
0010
0000
0100
1000
0100
0000
0110
0001
,  // measure 23
1000
0010
0100
0010
1000
0001
0100
0001
1000
0100
0010
0001
1000
0010
1000
0001
,  // measure 24
0010
0100
1000
0100
0010
0001
0100
0001
1000
0100
0010
0001
1000
0000
0000
0000
,  // measure 25
1010
0000
0000
0000
1010
0000
0001
0000
0000
0000
0101
0010
0100
0000
0001
0000
,  // measure 26
0000
0000
0101
0000
0011
0000
0100
0000
1000
0000
1100
1000
0001
0000
0101
0000
,  // measure 27
0010
0000
0110
0001
0100
0000
0001
0000
1001
0000
0100
0010
0001
0000
1001
0000
,  // measure 28
1000
0000
0010
0000
0100
0000
0001
0000
1000
0010
1000
0001
0010
0000
0110
0000
,  // measure 29
0010
0000
0000
0000
0011
0000
1000
0000
0000
0000
1010
0100
0010
0000
1010
0000
,  // measure 30
0001
0000
0010
0110
1000
0000
0001
0000
1000
0000
1001
0100
0010
0000
1010
0000
,  // measure 31
1001
0000
1001
0100
1000
0000
0001
0011
0001
1000
0010
0100
0001
0000
0101
0000
,  // measure 32
0000
0000
1001
0100
1000
0001
1000
0010
0100
0001
0010
0000
0100
0000
0000
0000
,  // measure 33
1100
0000
0001
0000
1000
0000
0010
0000
0100
0010
1000
0001
1000
0000
0100
0000
,  // measure 34
0100
0000
0010
0100
1000
0000
0001
0100
0001
1000
0100
0010
0001
0000
0000
0000
,  // measure 35
1001
0000
0100
0000
0010
0000
0100
0010
0100
1000
0001
1000
0010
0000
0110
0000
,  // measure 36
0000
0000
1010
0001
1000
0000
0001
0000
0010
0000
0100
0000
1100
0000
0000
0000
,  // measure 37
1100
0000
0001
0000
0100
0000
0001
0100
0001
1000
0100
0010
0001
0000
0100
0000
,  // measure 38
0100
0000
0010
1000
0001
0000
0010
0000
0100
0000
0110
0001
1000
0000
1000
0001
,  // measure 39
0010
0100
1000
0001
1000
0010
0100
0001
0100
0001
1000
0100
0010
0100
0010
0001
,  // measure 40
1000
0001
0100
0010
0100
0001
1000
0100
0010
0001
0100
0010
1000
0000
0000
0000
,  // measure 41
1001
1000
0001
0010
0100
1000
0001
1000
0001
0010
0100
1000
0010
0100
0001
1000
,  // measure 42
0001
1000
0010
0100
0001
1000
0100
0010
0001
1000
0100
1000
0001
0010
0100
1000
,  // measure 43
0001
0100
0010
1000
0010
1000
0001
0100
0010
1000
0010
1000
0001
0010
0100
0010
,  // measure 44
0001
1000
0100
1000
0001
0100
0010
1000
0100
1000
0001
0010
0100
1000
0001
0100
,  // measure 45
0010
1000
0010
0100
0001
1000
0010
1000
0010
0100
0001
1000
0001
0010
0100
1000
,  // measure 46
0001
1000
0001
0010
0100
1000
0001
0100
0001
1000
0001
1000
0100
0010
0100
1000
,  // measure 47
0001
0010
0001
1000
0001
1000
0010
0100
0001
1000
0001
0100
0010
0100
0001
1000
,  // measure 48
0001
0010
0100
1000
0001
0100
0001
1000
0100
0010
0001
1000
0010
0000
0000
0000
,  // measure 49
0110
0000
0001
1000
0100
0000
0010
0010
0100
0000
0010
0010
0001
0000
1000
1000
,  // measure 50
0010
0000
0100
0010
1000
0000
0001
0010
0100
0000
0010
0001
1000
0000
0001
0001
,  // measure 51
0100
0000
0010
0100
0001
0000
1000
1000
0010
0000
1000
1000
0001
0000
0010
0010
,  // measure 52
0100
0000
0010
0100
1000
0001
0100
0010
0100
0001
1000
0100
1000
0000
1000
0000
,  // measure 53
1100
0000
0000
0000
1000
0000
1001
0000
0000
0000
0001
0000
0101
0000
0000
0110
,  // measure 54
0000
0000
1001
0000
0000
0011
0000
0000
0110
0000
0000
0011
0000
0000
0101
0000
,  // measure 55
0000
0000
0101
1000
0001
0010
0100
1000
0001
0010
0100
1000
0001
0100
0010
0000
,  // measure 56
0000
0000
0000
1010
0000
0000
0000
0000
1010
0000
0000
0000
0000
0000
0000
0000
0000
0000
0000
0000
0000
0000
1010
0000
0001
0000
0000
0000
0000
0000
0000
0000
,  // measure 57
1001
0000
1000
0000
0100
0000
0010
0001
1000
0000
0010
0000
0100
0000
0101
0000
,  // measure 58
0000
0000
1001
0000
0001
0100
0001
1000
0100
1000
0001
0010
0100
0000
0000
0000
,  // measure 59
0110
0010
0001
0101
1100
1100
0101
1001
,  // measure 60
0000
0000
1001
0000
0000
0000
1010
0000
0100
0001
1000
0100
0010
0000
0100
0000
,  // measure 61
0100
0000
1000
0000
0010
0000
0100
0001
1000
0000
0100
0000
1000
0000
1001
0000
,  // measure 62
0000
0000
0101
0000
0110
0000
0010
1000
0000
0001
0010
0100
1000
0000
1001
0100
,  // measure 63
0010
1000
0100
1000
0001
0000
0011
0100
1000
0001
1000
0010
0100
0001
1000
0100
,  // measure 64
0010
0100
1000
0001
0100
0010
1000
0001
0010
0100
1000
0000
0001
0000
0000
0001
,  // measure 65
0100
0001
1000
0010
0100
0010
0100
0001
1000
0100
0010
0100
1000
0000
1001
0000
,  // measure 66
0000
0000
1010
0000
0100
0001
0100
0001
1000
0100
0010
0001
1000
0000
0000
0000
,  // measure 67
1001
0001
1000
1010
0011
0011
1010
1001
,  // measure 68
0000
0000
1001
0000
0000
0000
0011
0000
0110
1000
0001
0100
0010
0000
0100
0000
,  // measure 69
0110
1000
0001
1000
0100
0010
0100
0010
0001
1000
0001
1000
0010
0000
0110
0000
,  // measure 70
0000
0000
0101
0000
0101
0000
0000
0000
1001
0000
1000
0100
0010
0000
0001
0000
,  // measure 71
1000
0100
1000
0001
1000
0001
0100
0010
1000
0001
0010
0100
1000
0001
0010
0001
,  // measure 72
1000
0010
0100
0010
1000
0001
0010
0100
0010
0001
1000
0000
0101
0000
1010
0000
,  // measure 73
0000
1001
0000
0000
,  // measure 74
0000
0000
0000
1001